Model,Train_Accuracy,Train_Recall,Test_Accuracy,Test_Recall
GaussianNB,0.6920794850265883,0.7184312500115704,0.6886649874055416,0.7101471229574522
Decisiontree,0.9876294430450602,0.9848335224246497,0.8777497900923593,0.787690058245793
randomforest,0.9875734676742234,0.9764359819975171,0.9079764903442485,0.7654745420023726
SVMCLASSIFIER,0.8963336132101876,0.7416119449531161,0.8960537363560034,0.7340565576034696
XGBOOST,0.9540442205429611,0.9055289418277161,0.9182199832073887,0.815276426959752
AdaBoostClassifier,0.7385950181919955,0.4701491213526035,0.7390428211586901,0.4541560932773525
GBM,0.9196193674783095,0.8095266956017021,0.911167086481948,0.7807352772677977
KNN,0.9014273719563393,0.7166915779822386,0.8723761544920235,0.6587469649154439
ANN-CLASSIFICATION,0.9127343968653793,0.7798943561741543,0.9034424853064652,0.7447559541838054
